-1.000000000000000000e+01 8.673802095426439337e+03
-9.797979797979797567e+00 7.993515912967933218e+03
-9.595959595959595134e+00 7.353742703592805810e+03
-9.393939393939394478e+00 6.744496847155925934e+03
-9.191919191919192045e+00 6.175747025130285692e+03
-8.989898989898989612e+00 5.636154429048408929e+03
-8.787878787878787179e+00 5.135910225900600381e+03
-8.585858585858586522e+00 4.667169787366163291e+03
-8.383838383838384090e+00 4.239402341100584636e+03
-8.181818181818181657e+00 3.846436083878284990e+03
-7.979797979797979224e+00 3.462557866867044595e+03
-7.777777777777777679e+00 3.119999376098831362e+03
-7.575757575757576134e+00 2.817165431957716464e+03
-7.373737373737373701e+00 2.531210721164723509e+03
-7.171717171717171269e+00 2.257328789997274725e+03
-6.969696969696969724e+00 2.012653444577601931e+03
-6.767676767676768179e+00 1.783378175187805255e+03
-6.565656565656565746e+00 1.602328177488208439e+03
-6.363636363636363313e+00 1.402313040391762797e+03
-6.161616161616161769e+00 1.248638901758456541e+03
-5.959595959595959336e+00 1.077092425912087492e+03
-5.757575757575757791e+00 9.514765113848831106e+02
-5.555555555555555358e+00 8.209477260018450124e+02
-5.353535353535353813e+00 7.065050887697452708e+02
-5.151515151515151381e+00 6.057098015820173487e+02
-4.949494949494949836e+00 5.168942286545178604e+02
-4.747474747474747403e+00 4.558897750992956617e+02
-4.545454545454545858e+00 3.638601759559733182e+02
-4.343434343434343425e+00 3.260853883133413547e+02
-4.141414141414141881e+00 2.626201720783677729e+02
-3.939393939393939448e+00 2.334775612235934830e+02
-3.737373737373737903e+00 1.911681991798396041e+02
-3.535353535353535470e+00 1.595495884224912970e+02
-3.333333333333333037e+00 1.007994557297573266e+02
-3.131313131313131493e+00 9.592489666319599451e+01
-2.929292929292929060e+00 8.597323370443533008e+01
-2.727272727272727515e+00 9.171983523168987062e+01
-2.525252525252525082e+00 6.492357904009105596e+01
-2.323232323232323537e+00 4.769274720774691190e+01
-2.121212121212121104e+00 3.912886711544891938e+01
-1.919191919191918672e+00 3.066104264899605525e+01
-1.717171717171718015e+00 9.088540531103097564e+00
-1.515151515151515582e+00 2.396572594771355824e+01
-1.313131313131313149e+00 8.371630852836446479e+00
-1.111111111111110716e+00 2.196319034901276268e+01
-9.090909090909100598e-01 5.782344037222552302e+00
-7.070707070707076269e-01 2.106417165441740025e+01
-5.050505050505051940e-01 1.914662789336959747e+01
-3.030303030303027612e-01 3.870907524814529488e+00
-1.010101010101003283e-01 2.289314725262680383e+01
1.010101010101003283e-01 7.911994933704336930e+00
3.030303030303027612e-01 3.355710872131562894e+01
5.050505050505051940e-01 2.538027382275176080e+01
7.070707070707076269e-01 3.779967588809770263e+01
9.090909090909082835e-01 1.953002079209240449e+01
1.111111111111110716e+00 1.887113289881863309e+01
1.313131313131313149e+00 4.341172064476956649e+01
1.515151515151515582e+00 5.000560299115601026e+01
1.717171717171716239e+00 4.459949898089340081e+01
1.919191919191918672e+00 5.028031193800416787e+01
2.121212121212121104e+00 8.649135586075290405e+01
2.323232323232323537e+00 1.140572524294497185e+02
2.525252525252524194e+00 1.375047359956466266e+02
2.727272727272726627e+00 1.439952409443744443e+02
2.929292929292929060e+00 2.085582742590367786e+02
3.131313131313131493e+00 2.348608099230305868e+02
3.333333333333333925e+00 3.055654915576540702e+02
3.535353535353534582e+00 3.394208126663061194e+02
3.737373737373737015e+00 4.107212570644457514e+02
3.939393939393939448e+00 5.022033978055279135e+02
4.141414141414141881e+00 6.070509776745807358e+02
4.343434343434342537e+00 6.758995271930617719e+02
4.545454545454544970e+00 7.890957227733816808e+02
4.747474747474747403e+00 8.940960947555506664e+02
4.949494949494949836e+00 1.042330167503525445e+03
5.151515151515150492e+00 1.183426729773659645e+03
5.353535353535352925e+00 1.351478963824961056e+03
5.555555555555555358e+00 1.525250602615114985e+03
5.757575757575757791e+00 1.732232645010816213e+03
5.959595959595958448e+00 1.969665814678678998e+03
6.161616161616162657e+00 2.189218958657495477e+03
6.363636363636363313e+00 2.466531764117920375e+03
6.565656565656563970e+00 2.755228797818767816e+03
6.767676767676768179e+00 3.082533184058547249e+03
6.969696969696968836e+00 3.402271091252694077e+03
7.171717171717173045e+00 3.772341362890804248e+03
7.373737373737373701e+00 4.165422273004386625e+03
7.575757575757574358e+00 4.604536543761527355e+03
7.777777777777778567e+00 5.054540924130217718e+03
7.979797979797979224e+00 5.550002143288063962e+03
8.181818181818179880e+00 6.073653657426266363e+03
8.383838383838384090e+00 6.645111368818795199e+03
8.585858585858584746e+00 7.244829308902984849e+03
8.787878787878788955e+00 7.898067813728547662e+03
8.989898989898989612e+00 8.578893493960687920e+03
9.191919191919190268e+00 9.325871336481155595e+03
9.393939393939394478e+00 1.011811675833784830e+04
9.595959595959595134e+00 1.093205709199479315e+04
9.797979797979799343e+00 1.181509666001595178e+04
1.000000000000000000e+01 1.274820960662886500e+04
